66 : [14 16 18 22 26 31 32 34 37 45 47 48 49 55 65 74 79 83 85 86 91 92 95 98]
92 : [11 14 18 22 26 31 32 34 37 45 47 48 49 55 65 74 76 79 83 85 86 91 95 98]
27 : [14 15 16 18 22 26 31 34 37 45 47 48 49 55 65 66 74 79 83 85 86 92 95 98]
53 : [12 15 16 22 23 24 25 27 31 44 45 46 48 54 58 65 66 69 74 79 86 92 94 98]
48 : [11 14 18 19 26 32 34 35 37 39 47 49 51 52 55 61 71 76 77 83 84 85 91 95]
14 : [11 12 19 23 25 32 35 39 44 46 49 51 52 53 54 58 61 71 76 77 84 85 91 94]
19 : [12 15 16 23 24 25 27 31 44 45 46 53 54 58 65 66 69 71 74 79 84 92 94 98]
94 : [12 15 16 18 22 23 24 26 27 31 34 37 45 46 48 55 65 66 69 74 79 86 92 98]
12 : [15 16 18 22 24 26 27 31 34 37 45 46 47 48 55 65 66 69 74 79 86 92 95 98]
18 : [11 14 19 26 32 34 35 37 39 47 49 51 52 53 55 61 71 76 77 83 84 85 91 95]
22 : [11 14 18 19 26 32 34 35 37 39 47 48 49 51 52 55 61 71 76 77 83 85 91 95]
86 : [11 14 18 19 22 26 32 34 35 37 39 47 48 49 51 52 55 61 76 77 83 85 91 95]
69 : [14 15 16 18 22 24 26 27 31 34 37 45 47 48 55 65 66 74 79 83 86 92 95 98]
58 : [12 15 16 18 22 23 24 25 27 31 44 45 46 48 54 65 66 69 74 79 86 92 94 98]
61 : [12 15 16 19 23 24 25 27 39 44 46 51 52 53 54 58 65 66 69 71 77 84 92 94]
35 : [12 15 16 19 23 24 25 27 39 44 46 51 52 53 54 58 61 66 69 71 77 84 92 94]
49 : [11 12 19 23 24 25 32 35 39 44 46 51 52 53 54 58 61 69 71 76 77 84 91 94]
15 : [14 16 18 22 26 31 32 34 37 45 47 48 49 55 65 66 74 79 83 85 86 92 95 98]
77 : [12 15 16 19 23 24 25 27 31 39 44 45 46 52 53 54 58 65 66 69 71 84 92 94]
32 : [11 12 19 23 24 25 27 35 39 44 46 51 52 53 54 58 61 69 71 76 77 84 91 94]
16 : [14 18 22 26 31 32 34 37 45 47 48 49 55 65 74 76 79 83 85 86 91 92 95 98]
83 : [11 12 14 19 23 25 32 35 39 44 49 51 52 53 54 58 61 71 76 77 84 85 91 94]
54 : [12 15 16 18 22 23 24 26 27 31 34 37 45 46 48 65 66 69 74 79 86 92 94 98]
31 : [11 14 18 22 26 32 34 35 37 45 47 48 49 55 61 74 76 79 83 85 86 91 95 98]
26 : [11 14 19 25 32 35 39 44 47 49 51 52 53 55 58 61 71 76 77 83 84 85 91 95]
65 : [11 14 18 22 26 31 32 34 35 37 45 47 48 49 55 74 76 79 83 85 86 91 95 98]
45 : [11 14 18 22 26 32 34 35 37 47 48 49 51 55 61 74 76 79 83 85 86 91 95 98]
23 : [12 15 16 18 22 24 26 27 31 34 37 45 46 47 48 55 65 66 69 74 79 86 92 98]
37 : [11 14 19 26 32 34 35 39 47 49 51 52 53 55 58 61 71 76 77 83 84 85 91 95]
24 : [14 15 16 18 22 26 27 31 34 37 45 47 48 55 65 66 74 79 83 85 86 92 95 98]
25 : [12 15 16 18 22 23 24 27 31 37 44 45 46 48 54 65 66 69 74 79 86 92 94 98]
98 : [11 14 18 22 26 32 34 35 37 47 48 49 51 55 61 74 76 77 79 83 85 86 91 95]
44 : [12 15 16 18 22 23 24 27 31 34 37 45 46 48 54 65 66 69 74 79 86 92 94 98]
39 : [12 15 16 19 23 24 25 27 31 44 45 46 53 54 58 65 66 69 71 79 84 92 94 98]
76 : [11 12 15 19 23 24 25 27 35 39 44 46 51 52 53 54 58 61 66 69 71 77 84 94]
84 : [12 15 16 22 23 24 25 27 31 44 45 46 53 54 58 65 66 69 74 79 86 92 94 98]
74 : [11 14 18 22 26 32 34 35 37 39 47 48 49 51 52 55 61 76 77 83 85 86 91 95]
52 : [12 15 16 19 23 24 25 27 31 39 44 45 46 53 54 58 65 66 69 71 84 92 94 98]
71 : [12 15 16 23 24 25 27 31 44 45 46 53 54 58 65 66 69 74 79 84 86 92 94 98]
79 : [11 14 18 22 26 32 34 35 37 47 48 49 51 52 55 61 74 76 77 83 85 86 91 95]
11 : [12 15 16 19 23 24 25 27 35 39 44 46 51 52 53 54 58 61 66 69 71 77 84 94]
55 : [11 14 19 25 32 35 39 44 47 49 51 52 53 54 58 61 71 76 77 83 84 85 91 95]
95 : [11 14 19 23 25 32 35 39 44 49 51 52 53 54 58 61 71 76 77 83 84 85 91 94]
85 : [11 12 19 23 25 32 35 39 44 46 49 51 52 53 54 58 61 69 71 76 77 84 91 94]
46 : [15 16 18 22 24 26 27 31 34 37 45 47 48 55 65 66 69 74 79 83 86 92 95 98]
91 : [11 12 15 19 23 24 25 27 35 39 44 46 51 52 53 54 58 61 69 71 76 77 84 94]
47 : [11 14 19 25 32 35 39 44 49 51 52 53 54 58 61 71 76 77 83 84 85 91 94 95]
51 : [12 15 16 19 23 24 25 27 31 39 44 46 52 53 54 58 65 66 69 71 77 84 92 94]
34 : [11 14 19 25 26 32 35 39 47 49 51 52 53 55 58 61 71 76 77 83 84 85 91 95]

